81
2.75 1.7 3 0 0 0 0 0 17 19 0
3.3 1.7 3 0 0 0 0 14 3 4 16
3.7 1.7 3 0 0 0 0 1 17 13 5
4.25 1.7 3 0 0 0 0 12 5 5 16
4.85 1.7 3 0 0 0 0 0 19 15 0
4.85 1.7 3 0 0 0 0 2 8 7 3
4.85 1.7 3 -24 0 0 0 18 6 9 14
4.85 1.7 3 -39 0 0 0 9 19 24 0
4.85 1.7 3 -51 0 0 0 23 6 13 14
4.85 1.7 3 -58 0 0 0 14 17 25 3
4.85 1.7 3 -65 0 0 0 23 8 19 11
4.85 1.7 3 -74 0 0 0 17 16 27 2
4.85 1.7 3 -90 0 0 0 29 7 14 15
4.85 1.7 3 -90 0 0 0 8 9 14 4
4.9 1.7 3.2 -90 0 0 0 8 26 25 4
4.9 1.7 3.75 -90 0 0 0 18 15 11 16
4.9 1.7 4.3 -90 0 0 0 5 27 21 3
4.9 1.7 4.7 -90 0 0 0 18 18 15 13
4.9 1.7 5.3 -90 0 0 0 11 31 26 1
4.9 1.7 5.85001 -90 0 0 0 26 17 16 14
4.9 1.7 6.15001 -90 0 0 0 17 30 27 8
4.9 1.7 6.75001 -90 0 0 0 35 15 14 26
4.9 1.7 7.35001 -90 0 0 0 23 31 26 10
4.9 1.7 7.85001 -90 0 0 0 37 17 15 21
4.9 1.7 8.50002 -90 0 0 0 25 29 29 9
4.9 1.7 9.55002 -90 0 0 0 32 20 23 26
4.9 1.7 10.2 -90 0 0 0 21 38 36 19
4.9 1.7 10.5 -90 0 0 0 33 27 27 32
4.9 1.7 11.3 -90 0 0 0 21 41 38 18
4.9 1.7 11.8 -90 0 0 0 31 31 29 28
4.9 1.7 12.45 -90 0 0 0 19 42 40 18
4.9 1.7 12.45 -90 0 0 0 45 30 23 44
4.9 1.7 13 -90 0 0 0 45 30 23 44
4.9 1.7 13.6 -90 0 0 0 31 42 36 32
4.9 1.7 14.25 -90 0 0 0 42 29 24 43
4.9 1.7 15 -90 0 0 0 31 45 42 28
4.9 1.7 15.6 -90 0 0 0 45 32 27 41
4.9 1.7 15.6 -104 0 0 0 28 45 41 28
4.9 1.7 15.6 -114 0 0 0 42 32 33 38
4.9 1.7 15.6 -126 0 0 0 30 43 44 27
4.9 1.7 15.6 -139 0 0 0 44 30 30 39
4.9 1.7 15.6 -148 0 0 0 35 43 41 30
4.9 1.7 15.6 -163 0 0 0 45 30 29 43
4.9 1.7 15.6 -174 0 0 0 32 44 42 30
4.9 1.7 15.6 -186 0 0 0 45 31 29 44
4.9 1.7 15.6 -198 0 0 0 34 42 40 33
4.9 1.7 15.6 -209 0 0 0 45 30 29 46
4.9 1.7 15.6 -220 0 0 0 36 2 1 34
4.9 1.7 15.6 -240 0 0 0 4 24 20 1
4.9 1.7 15.6 -260 0 0 0 18 9 5 16
4.9 1.7 15.6 -272 0 0 0 3 25 19 -1
4.9 1.7 15.6 -272 0 0 0 3 6 -1 0
4.9 1.7 15.6 -272 0 0 0 32 30 -1 0
4.9 1.7 14.5 -272 0 0 0 16 11 15 17
4.9 1.7 13.7 -272 0 0 0 28 20 4 5
4.9 1.7 12.9 -272 0 0 0 4 -4 19 21
4.9 1.7 11.85 -272 0 0 0 21 15 5 6
4.9 1.7 11 -272 0 0 0 8 2 15 17
4.9 1.7 10.4 -272 0 0 0 20 13 3 6
4.9 1.7 10.4 -272 0 0 0 -8 -6 18 22
4.9 2.55 9.45002 -272 0 0 0 -8 -6 -23 -24
4.9 1.7 8.50002 -272 0 0 0 -8 -6 -12 -14
4.9 1.7 7.95001 -272 0 0 0 -8 11 6 -14
4.9 1.7 7.40001 -272 0 0 0 5 1 -1 -4
4.9 1.7 7.40001 -256 0 0 0 -10 19 13 -20
4.9 1.7 7.40001 -244 0 0 0 -1 8 1 -9
4.9 1.7 7.40001 -234 0 0 0 -14 20 11 -20
4.9 1.7 7.40001 -220 0 0 0 -2 10 1 -10
4.9 1.7 7.40001 -208 0 0 0 -14 21 11 -21
4.9 1.7 7.40001 -194 0 0 0 -3 10 -6 -10
4.9 1.7 7.40001 -178 0 0 0 -15 21 7 -23
4.9 1.7 7.40001 -178 0 0 0 3 5 -8 -7
4.9 1.7 7.40001 -178 0 0 0 3 58 -8 -7
4.9 1.7 7.40001 -178 0 0 0 3 114 -8 -7
4.9 1.7 7.40001 -178 0 0 0 3 68 -8 -7
4.9 1.7 7.40001 -178 0 0 0 3 106 -8 -7
4.9 1.7 7.40001 -178 0 0 0 3 59 -8 -7
4.9 1.7 7.40001 -178 0 0 0 3 111 -8 -7
4.9 1.7 7.40001 -178 0 0 0 3 73 -8 -7
4.9 1.7 7.40001 -178 0 0 0 3 126 -8 -7
4.9 1.7 7.40001 -178 0 0 0 3 5 -8 -7
