119
5 0 0 0 0 0 0 0
5 0 0 0 0 0 -11 0
5 0 0 -15 0 0 -6 -19
5 0 0 -27 0 0 -28 -5
5 0 0 -36 0 0 -16 -24
5 0 0 -48 0 0 -32 -7
5 0 0 -59 0 0 -16 -27
5 0 0 -70 0 0 -29 -15
5 0 0 -78 0 0 -15 -29
5 0 0 -78 0 0 -15 -16
5 0 0 -78 -74 0 -15 -16
5 0 0 -78 -3 0 -15 -16
5 0 0 -84 -3 0 -29 -16
5 0 0 -93 -3 0 -19 -27
5 0 0 -101 -3 0 -31 -18
5 0 0 -109 -3 0 -21 -26
5 0 0 -119 -3 0 -31 -17
5 0 0 -129 -3 0 -21 -30
5 0 0 -143 -3 0 -31 -20
5 0 0 -152 -3 0 -20 -31
5 0 0 -163 -3 0 -33 -20
5 0 0 -167 -3 0 -21 -30
5 0 0 -167 -3 0 -21 -21
5 0 0 -167 -3 0 -32 -21
4.95 0 -0.2 -167 -3 0 -25 -33
4.9 0 -0.45 -168 -3 0 -36 -23
4.9 0 -0.7 -168 -3 0 -25 -33
4.9 0 -0.95 -168 -3 0 -35 -25
4.9 0 -1.4 -168 -3 0 -26 -39
4.9 0 -1.7 -168 -3 0 -36 -30
4.9 0 -2.05 -168 -3 0 -28 -39
4.9 0 -2.35 -168 -3 0 -34 -27
4.9 0 -2.8 -168 -3 0 -28 -38
4.9 0 -3.15 -168 -3 0 -36 -30
4.9 0 -3.55 -168 -3 0 -30 -37
4.9 0 -3.55 -168 -3 0 1 -3
4.9 0 -3.85 -168 -3 0 -10 -3
4.9 0 -4.2 -168 -3 0 -2 -12
4.9 0 -4.5 -168 -3 0 -8 -3
4.9 0 -4.8 -168 -3 0 -2 -11
4.9 0 -5.1 -168 -3 0 -9 -4
4.9 0 -5.55 -168 -3 0 1 -13
4.9 0 -6 -168 -3 0 -16 -7
4.9 0 -6.40001 -168 -3 0 -8 -17
4.9 0 -7.00001 -168 -3 0 -18 -6
4.9 0 -7.50001 -168 -3 0 -8 -13
4.9 0 -7.95001 -168 -3 0 -17 -8
4.9 0 -8.40001 -168 -3 0 -9 -16
4.9 0 -9.00002 -168 -3 0 -17 -9
4.9 0 -9.35002 -168 -3 0 -8 -17
4.9 0 -9.80002 -168 -3 0 -19 -9
4.9 0 -10.25 -177 -3 0 0 -21
4.9 0 -11.05 -177 -3 0 -21 -2
4.9 0 -11.65 -177 -3 0 -9 -14
4.9 0 -12.25 -177 -3 0 -19 -5
4.9 0 -12.95 -177 -3 0 -4 -15
4.9 0 -13.45 -177 -3 0 -14 -1
4.9 0 -14.2 -177 -3 0 -3 -14
4.9 0 -14.7 -177 -3 0 -16 1
4.9 0 -15.25 -177 -3 0 -4 -13
4.9 0 -15.75 -177 -3 0 -14 0
4.9 0 -15.75 -177 -3 0 0 -13
4.9 0 -15.75 -161 -3 0 -14 -1
4.9 0 -15.75 -147 -3 0 1 -17
4.9 0 -15.75 -134 -3 0 -13 -2
4.9 0 -15.75 -125 -3 0 -1 -14
4.9 0 -15.75 -110 -3 0 -14 -3
4.9 0 -15.75 -98 -3 0 -3 -16
4.9 0 -15.75 -86 -3 0 -14 -5
4.9 0 -15.75 -73 -3 0 -7 -17
4.9 0 -15.75 -60 -3 0 -21 -6
4.9 0 -15.75 -46 -3 0 -14 -20
4.9 0 -15.75 -29 -3 0 -27 -6
4.9 0 -15.75 -11 -3 0 -13 -21
4.9 0 -15.75 -1 -3 0 -27 -8
4.9 0 -15.75 -1 -3 0 -12 -8
4.9 0 -15.75 -1 -100 0 -12 -8
4.9 0 -15.75 -1 -3 0 -12 -8
4.9 0 -15.75 -1 -3 -91 -12 -8
4.9 0 -15.75 -1 -3 1 -12 -8
4.9 0 -15.75 -1 -96 -83 -12 -8
4.9 0 -15.75 -1 -4 0 -12 -8
4.9 0 -15.75 -1 -4 0 -12 -22
4.9 0 -15.05 -1 -4 0 -26 -10
4.9 0 -14.25 -1 -4 0 -13 -24
4.9 0 -13.65 -1 -4 0 -25 -11
4.9 0 -13 -1 -4 0 -12 -26
4.9 0 -12.45 -1 -4 0 -25 -12
4.9 0 -12.05 -1 -4 0 -12 -25
4.9 0 -11.3 -1 -4 0 -26 -12
4.9 0 -10.6 -1 -4 0 -12 -27
4.9 0 -10.15 -1 -4 0 -27 -14
4.9 0 -9.60002 -1 -4 0 -13 -27
4.9 0 -9.10002 -1 -4 0 -27 -13
4.9 0 -9.10002 -1 -4 0 -14 -17
4.9 0 -8.65001 -1 -4 0 -14 -17
4.9 0 -8.15001 -1 -4 0 -28 -9
4.9 0 -7.50001 -1 -4 0 -12 -23
4.9 0 -7.00001 -1 -4 0 -23 -12
4.9 0 -6.40001 -1 -4 0 -6 -25
4.9 0 -5.95 -1 -4 0 -23 -10
4.9 0 -5.4 -1 -4 0 -13 -21
4.9 0 -4.8 -1 -4 0 -27 -8
4.9 0 -4.35 -1 -4 0 -17 -21
4.9 0 -3.7 -1 -4 0 -30 -11
4.9 0 -2.9 -1 -4 0 -17 -27
4.9 0 -2.25 -1 -4 0 -33 -13
4.9 0 -1.55 -1 -4 0 -17 -25
4.9 0 -1.05 -1 -4 0 -33 -11
4.9 0 -1.05 -1 -4 0 -13 -11
4.9 0 -1.05 -10 -4 0 -13 -23
4.9 0 -1.05 -23 -4 0 -26 -10
4.9 0 -1.05 -37 -4 0 -11 -25
4.9 0 -1.05 -51 -4 0 -26 -11
4.9 0 -1.05 -64 -4 0 -13 -25
4.9 0 -1.05 -77 -4 0 -24 -15
4.9 0 -1.05 -77 -4 0 -12 -13
4.9 0 -1.05 -77 -168 -161 -12 -13
4.9 0 -1.05 -77 -1 -13 -12 -13
